2222222222222222
222222222222233
222222222222323
222222222222332
222222222223223
222222222223232
222222222223322
222222222232223
222222222232232
222222222232322
222222222233222
22222222223333
222222222322223
222222222322232
222222222322322
222222222323222
22222222232333
222222222332222
22222222233233
22222222233323
22222222233332
222222223222223
222222223222232
222222223222322
222222223223222
22222222322333
222222223232222
22222222323233
22222222323323
22222222323332
222222223322222
22222222332233
22222222332323
22222222332332
22222222333223
22222222333232
22222222333322
222222232222223
222222232222232
222222232222322
222222232223222
22222223222333
222222232232222
22222223223233
22222223223323
22222223223332
222222232322222
22222223232233
22222223232323
22222223232332
22222223233223
22222223233232
22222223233322
222222233222222
22222223322233
22222223322323
22222223322332
22222223323223
22222223323232
22222223323322
22222223332223
22222223332232
22222223332322
22222223333222
2222222333333
222222322222223
222222322222232
222222322222322
222222322223222
22222232222333
222222322232222
22222232223233
22222232223323
22222232223332
222222322322222
22222232232233
22222232232323
22222232232332
22222232233223
22222232233232
22222232233322
222222323222222
22222232322233
22222232322323
22222232322332
22222232323223
22222232323232
22222232323322
22222232332223
22222232332232
22222232332322
22222232333222
2222223233333
222222332222222
22222233222233
22222233222323
22222233222332
22222233223223
22222233223232
22222233223322
22222233232223
22222233232232
22222233232322
22222233233222
2222223323333
22222233322223
22222233322232
22222233322322
22222233323222
2222223332333
22222233332222
2222223333233
2222223333323
2222223333332
222223222222223
222223222222232
222223222222322
222223222223222
22222322222333
222223222232222
22222322223233
22222322223323
22222322223332
222223222322222
22222322232233
22222322232323
22222322232332
22222322233223
22222322233232
22222322233322
222223223222222
22222322322233
22222322322323
22222322322332
22222322323223
22222322323232
22222322323322
22222322332223
22222322332232
22222322332322
22222322333222
2222232233333
222223232222222
22222323222233
22222323222323
22222323222332
22222323223223
22222323223232
22222323223322
22222323232223
22222323232232
22222323232322
22222323233222
2222232323333
22222323322223
22222323322232
22222323322322
22222323323222
2222232332333
22222323332222
2222232333233
2222232333323
2222232333332
222223322222222
22222332222233
22222332222323
22222332222332
22222332223223
22222332223232
22222332223322
22222332232223
22222332232232
22222332232322
22222332233222
2222233223333
22222332322223
22222332322232
22222332322322
22222332323222
2222233232333
22222332332222
2222233233233
2222233233323
2222233233332
22222333222223
22222333222232
22222333222322
22222333223222
2222233322333
22222333232222
2222233323233
2222233323323
2222233323332
22222333322222
2222233332233
2222233332323
2222233332332
2222233333223
2222233333232
2222233333322
222232222222223
222232222222232
222232222222322
222232222223222
22223222222333
222232222232222
22223222223233
22223222223323
22223222223332
222232222322222
22223222232233
22223222232323
22223222232332
22223222233223
22223222233232
22223222233322
222232223222222
22223222322233
22223222322323
22223222322332
22223222323223
22223222323232
22223222323322
22223222332223
22223222332232
22223222332322
22223222333222
2222322233333
222232232222222
22223223222233
22223223222323
22223223222332
22223223223223
22223223223232
22223223223322
22223223232223
22223223232232
22223223232322
22223223233222
2222322323333
22223223322223
22223223322232
22223223322322
22223223323222
2222322332333
22223223332222
2222322333233
2222322333323
2222322333332
222232322222222
22223232222233
22223232222323
22223232222332
22223232223223
22223232223232
22223232223322
22223232232223
22223232232232
22223232232322
22223232233222
2222323223333
22223232322223
22223232322232
22223232322322
22223232323222
2222323232333
22223232332222
2222323233233
2222323233323
2222323233332
22223233222223
22223233222232
22223233222322
22223233223222
2222323322333
22223233232222
2222323323233
2222323323323
2222323323332
22223233322222
2222323332233
2222323332323
2222323332332
2222323333223
2222323333232
2222323333322
222233222222222
22223322222233
22223322222323
22223322222332
22223322223223
22223322223232
22223322223322
22223322232223
22223322232232
22223322232322
22223322233222
2222332223333
22223322322223
22223322322232
22223322322322
22223322323222
2222332232333
22223322332222
2222332233233
2222332233323
2222332233332
22223323222223
22223323222232
22223323222322
22223323223222
2222332322333
22223323232222
2222332323233
2222332323323
2222332323332
22223323322222
2222332332233
2222332332323
2222332332332
2222332333223
2222332333232
2222332333322
22223332222223
22223332222232
22223332222322
22223332223222
2222333222333
22223332232222
2222333223233
2222333223323
2222333223332
22223332322222
2222333232233
2222333232323
2222333232332
2222333233223
2222333233232
2222333233322
22223333222222
2222333322233
2222333322323
2222333322332
2222333323223
2222333323232
2222333323322
2222333332223
2222333332232
2222333332322
2222333333222
222233333333
222322222222223
222322222222232
222322222222322
222322222223222
22232222222333
222322222232222
22232222223233
22232222223323
22232222223332
222322222322222
22232222232233
22232222232323
22232222232332
22232222233223
22232222233232
22232222233322
222322223222222
22232222322233
22232222322323
22232222322332
22232222323223
22232222323232
22232222323322
22232222332223
22232222332232
22232222332322
22232222333222
2223222233333
222322232222222
22232223222233
22232223222323
22232223222332
22232223223223
22232223223232
22232223223322
22232223232223
22232223232232
22232223232322
22232223233222
2223222323333
22232223322223
22232223322232
22232223322322
22232223323222
2223222332333
22232223332222
2223222333233
2223222333323
2223222333332
222322322222222
22232232222233
22232232222323
22232232222332
22232232223223
22232232223232
22232232223322
22232232232223
22232232232232
22232232232322
22232232233222
2223223223333
22232232322223
22232232322232
22232232322322
22232232323222
2223223232333
22232232332222
2223223233233
2223223233323
2223223233332
22232233222223
22232233222232
22232233222322
22232233223222
2223223322333
22232233232222
2223223323233
2223223323323
2223223323332
22232233322222
2223223332233
2223223332323
2223223332332
2223223333223
2223223333232
2223223333322
222323222222222
22232322222233
22232322222323
22232322222332
22232322223223
22232322223232
22232322223322
22232322232223
22232322232232
22232322232322
22232322233222
2223232223333
22232322322223
22232322322232
22232322322322
22232322323222
2223232232333
22232322332222
2223232233233
2223232233323
2223232233332
22232323222223
22232323222232
22232323222322
22232323223222
2223232322333
22232323232222
2223232323233
2223232323323
2223232323332
22232323322222
2223232332233
2223232332323
2223232332332
2223232333223
2223232333232
2223232333322
22232332222223
22232332222232
22232332222322
22232332223222
2223233222333
22232332232222
2223233223233
2223233223323
2223233223332
22232332322222
2223233232233
2223233232323
2223233232332
2223233233223
2223233233232
2223233233322
22232333222222
2223233322233
2223233322323
2223233322332
2223233323223
2223233323232
2223233323322
2223233332223
2223233332232
2223233332322
2223233333222
222323333333
222332222222222
22233222222233
22233222222323
22233222222332
22233222223223
22233222223232
22233222223322
22233222232223
22233222232232
22233222232322
22233222233222
2223322223333
22233222322223
22233222322232
22233222322322
22233222323222
2223322232333
22233222332222
2223322233233
2223322233323
2223322233332
22233223222223
22233223222232
22233223222322
22233223223222
2223322322333
22233223232222
2223322323233
2223322323323
2223322323332
22233223322222
2223322332233
2223322332323
2223322332332
2223322333223
2223322333232
2223322333322
22233232222223
22233232222232
22233232222322
22233232223222
2223323222333
22233232232222
2223323223233
2223323223323
2223323223332
22233232322222
2223323232233
2223323232323
2223323232332
2223323233223
2223323233232
2223323233322
22233233222222
2223323322233
2223323322323
2223323322332
2223323323223
2223323323232
2223323323322
2223323332223
2223323332232
2223323332322
2223323333222
222332333333
22233322222223
22233322222232
22233322222322
22233322223222
2223332222333
22233322232222
2223332223233
2223332223323
2223332223332
22233322322222
2223332232233
2223332232323
2223332232332
2223332233223
2223332233232
2223332233322
22233323222222
2223332322233
2223332322323
2223332322332
2223332323223
2223332323232
2223332323322
2223332332223
2223332332232
2223332332322
2223332333222
222333233333
22233332222222
2223333222233
2223333222323
2223333222332
2223333223223
2223333223232
2223333223322
2223333232223
2223333232232
2223333232322
2223333233222
222333323333
2223333322223
2223333322232
2223333322322
2223333323222
222333332333
2223333332222
222333333233
222333333323
222333333332
223222222222223
223222222222232
223222222222322
223222222223222
22322222222333
223222222232222
22322222223233
22322222223323
22322222223332
223222222322222
22322222232233
22322222232323
22322222232332
22322222233223
22322222233232
22322222233322
223222223222222
22322222322233
22322222322323
22322222322332
22322222323223
22322222323232
22322222323322
22322222332223
22322222332232
22322222332322
22322222333222
2232222233333
223222232222222
22322223222233
22322223222323
22322223222332
22322223223223
22322223223232
22322223223322
22322223232223
22322223232232
22322223232322
22322223233222
2232222323333
22322223322223
22322223322232
22322223322322
22322223323222
2232222332333
22322223332222
2232222333233
2232222333323
2232222333332
223222322222222
22322232222233
22322232222323
22322232222332
22322232223223
22322232223232
22322232223322
22322232232223
22322232232232
22322232232322
22322232233222
2232223223333
22322232322223
22322232322232
22322232322322
22322232323222
2232223232333
22322232332222
2232223233233
2232223233323
2232223233332
22322233222223
22322233222232
22322233222322
22322233223222
2232223322333
22322233232222
2232223323233
2232223323323
2232223323332
22322233322222
2232223332233
2232223332323
2232223332332
2232223333223
2232223333232
2232223333322
223223222222222
22322322222233
22322322222323
22322322222332
22322322223223
22322322223232
22322322223322
22322322232223
22322322232232
22322322232322
22322322233222
2232232223333
22322322322223
22322322322232
22322322322322
22322322323222
2232232232333
22322322332222
2232232233233
2232232233323
2232232233332
22322323222223
22322323222232
22322323222322
22322323223222
2232232322333
22322323232222
2232232323233
2232232323323
2232232323332
22322323322222
2232232332233
2232232332323
2232232332332
2232232333223
2232232333232
2232232333322
22322332222223
22322332222232
22322332222322
22322332223222
2232233222333
22322332232222
2232233223233
2232233223323
2232233223332
22322332322222
2232233232233
2232233232323
2232233232332
2232233233223
2232233233232
2232233233322
22322333222222
2232233322233
2232233322323
2232233322332
2232233323223
2232233323232
2232233323322
2232233332223
2232233332232
2232233332322
2232233333222
223223333333
223232222222222
22323222222233
22323222222323
22323222222332
22323222223223
22323222223232
22323222223322
22323222232223
22323222232232
22323222232322
22323222233222
2232322223333
22323222322223
22323222322232
22323222322322
22323222323222
2232322232333
22323222332222
2232322233233
2232322233323
2232322233332
22323223222223
22323223222232
22323223222322
22323223223222
2232322322333
22323223232222
2232322323233
2232322323323
2232322323332
22323223322222
2232322332233
2232322332323
2232322332332
2232322333223
2232322333232
2232322333322
22323232222223
22323232222232
22323232222322
22323232223222
2232323222333
22323232232222
2232323223233
2232323223323
2232323223332
22323232322222
2232323232233
2232323232323
2232323232332
2232323233223
2232323233232
2232323233322
22323233222222
2232323322233
2232323322323
2232323322332
2232323323223
2232323323232
2232323323322
2232323332223
2232323332232
2232323332322
2232323333222
223232333333
22323322222223
22323322222232
22323322222322
22323322223222
2232332222333
22323322232222
2232332223233
2232332223323
2232332223332
22323322322222
2232332232233
2232332232323
2232332232332
2232332233223
2232332233232
2232332233322
22323323222222
2232332322233
2232332322323
2232332322332
2232332323223
2232332323232
2232332323322
2232332332223
2232332332232
2232332332322
2232332333222
223233233333
22323332222222
2232333222233
2232333222323
2232333222332
2232333223223
2232333223232
2232333223322
2232333232223
2232333232232
2232333232322
2232333233222
223233323333
2232333322223
2232333322232
2232333322322
2232333323222
223233332333
2232333332222
223233333233
223233333323
223233333332
223322222222222
22332222222233
22332222222323
22332222222332
22332222223223
22332222223232
22332222223322
22332222232223
22332222232232
22332222232322
22332222233222
2233222223333
22332222322223
22332222322232
22332222322322
22332222323222
2233222232333
22332222332222
2233222233233
2233222233323
2233222233332
22332223222223
22332223222232
22332223222322
22332223223222
2233222322333
22332223232222
2233222323233
2233222323323
2233222323332
22332223322222
2233222332233
2233222332323
2233222332332
2233222333223
2233222333232
2233222333322
22332232222223
22332232222232
22332232222322
22332232223222
2233223222333
22332232232222
2233223223233
2233223223323
2233223223332
22332232322222
2233223232233
2233223232323
2233223232332
2233223233223
2233223233232
2233223233322
22332233222222
2233223322233
2233223322323
2233223322332
2233223323223
2233223323232
2233223323322
2233223332223
2233223332232
2233223332322
2233223333222
223322333333
22332322222223
22332322222232
22332322222322
22332322223222
2233232222333
22332322232222
2233232223233
2233232223323
2233232223332
22332322322222
2233232232233
2233232232323
2233232232332
2233232233223
2233232233232
2233232233322
22332323222222
2233232322233
2233232322323
2233232322332
2233232323223
2233232323232
2233232323322
2233232332223
2233232332232
2233232332322
2233232333222
223323233333
22332332222222
2233233222233
2233233222323
2233233222332
2233233223223
2233233223232
2233233223322
2233233232223
2233233232232
2233233232322
2233233233222
223323323333
2233233322223
2233233322232
2233233322322
2233233323222
223323332333
2233233332222
223323333233
223323333323
223323333332
22333222222223
22333222222232
22333222222322
22333222223222
2233322222333
22333222232222
2233322223233
2233322223323
2233322223332
22333222322222
2233322232233
2233322232323
2233322232332
2233322233223
2233322233232
2233322233322
22333223222222
2233322322233
2233322322323
2233322322332
2233322323223
2233322323232
2233322323322
2233322332223
2233322332232
2233322332322
2233322333222
223332233333
22333232222222
2233323222233
2233323222323
2233323222332
2233323223223
2233323223232
2233323223322
2233323232223
2233323232232
2233323232322
2233323233222
223332323333
2233323322223
2233323322232
2233323322322
2233323323222
223332332333
2233323332222
223332333233
223332333323
223332333332
22333322222222
2233332222233
2233332222323
2233332222332
2233332223223
2233332223232
2233332223322
2233332232223
2233332232232
2233332232322
2233332233222
223333223333
2233332322223
2233332322232
2233332322322
2233332323222
223333232333
2233332332222
223333233233
223333233323
223333233332
2233333222223
2233333222232
2233333222322
2233333223222
223333322333
2233333232222
223333323233
223333323323
223333323332
2233333322222
223333332233
223333332323
223333332332
223333333223
223333333232
223333333322
232222222222223
232222222222232
232222222222322
232222222223222
23222222222333
232222222232222
23222222223233
23222222223323
23222222223332
232222222322222
23222222232233
23222222232323
23222222232332
23222222233223
23222222233232
23222222233322
232222223222222
23222222322233
23222222322323
23222222322332
23222222323223
23222222323232
23222222323322
23222222332223
23222222332232
23222222332322
23222222333222
2322222233333
232222232222222
23222223222233
23222223222323
23222223222332
23222223223223
23222223223232
23222223223322
23222223232223
23222223232232
23222223232322
23222223233222
2322222323333
23222223322223
23222223322232
23222223322322
23222223323222
2322222332333
23222223332222
2322222333233
2322222333323
2322222333332
232222322222222
23222232222233
23222232222323
23222232222332
23222232223223
23222232223232
23222232223322
23222232232223
23222232232232
23222232232322
23222232233222
2322223223333
23222232322223
23222232322232
23222232322322
23222232323222
2322223232333
23222232332222
2322223233233
2322223233323
2322223233332
23222233222223
23222233222232
23222233222322
23222233223222
2322223322333
23222233232222
2322223323233
2322223323323
2322223323332
23222233322222
2322223332233
2322223332323
2322223332332
2322223333223
2322223333232
2322223333322
232223222222222
23222322222233
23222322222323
23222322222332
23222322223223
23222322223232
23222322223322
23222322232223
23222322232232
23222322232322
23222322233222
2322232223333
23222322322223
23222322322232
23222322322322
23222322323222
2322232232333
23222322332222
2322232233233
2322232233323
2322232233332
23222323222223
23222323222232
23222323222322
23222323223222
2322232322333
23222323232222
2322232323233
2322232323323
2322232323332
23222323322222
2322232332233
2322232332323
2322232332332
2322232333223
2322232333232
2322232333322
23222332222223
23222332222232
23222332222322
23222332223222
2322233222333
23222332232222
2322233223233
2322233223323
2322233223332
23222332322222
2322233232233
2322233232323
2322233232332
2322233233223
2322233233232
2322233233322
23222333222222
2322233322233
2322233322323
2322233322332
2322233323223
2322233323232
2322233323322
2322233332223
2322233332232
2322233332322
2322233333222
232223333333
232232222222222
23223222222233
23223222222323
23223222222332
23223222223223
23223222223232
23223222223322
23223222232223
23223222232232
23223222232322
23223222233222
2322322223333
23223222322223
23223222322232
23223222322322
23223222323222
2322322232333
23223222332222
2322322233233
2322322233323
2322322233332
23223223222223
23223223222232
23223223222322
23223223223222
2322322322333
23223223232222
2322322323233
2322322323323
2322322323332
23223223322222
2322322332233
2322322332323
2322322332332
2322322333223
2322322333232
2322322333322
23223232222223
23223232222232
23223232222322
23223232223222
2322323222333
23223232232222
2322323223233
2322323223323
2322323223332
23223232322222
2322323232233
2322323232323
2322323232332
2322323233223
2322323233232
2322323233322
23223233222222
2322323322233
2322323322323
2322323322332
2322323323223
2322323323232
2322323323322
2322323332223
2322323332232
2322323332322
2322323333222
232232333333
23223322222223
23223322222232
23223322222322
23223322223222
2322332222333
23223322232222
2322332223233
2322332223323
2322332223332
23223322322222
2322332232233
2322332232323
2322332232332
2322332233223
2322332233232
2322332233322
23223323222222
2322332322233
2322332322323
2322332322332
2322332323223
2322332323232
2322332323322
2322332332223
2322332332232
2322332332322
2322332333222
232233233333
23223332222222
2322333222233
2322333222323
2322333222332
2322333223223
2322333223232
2322333223322
2322333232223
2322333232232
2322333232322
2322333233222
232233323333
2322333322223
2322333322232
2322333322322
2322333323222
232233332333
2322333332222
232233333233
232233333323
232233333332
232322222222222
23232222222233
23232222222323
23232222222332
23232222223223
23232222223232
23232222223322
23232222232223
23232222232232
23232222232322
23232222233222
2323222223333
23232222322223
23232222322232
23232222322322
23232222323222
2323222232333
23232222332222
2323222233233
2323222233323
2323222233332
23232223222223
23232223222232
23232223222322
23232223223222
2323222322333
23232223232222
2323222323233
2323222323323
2323222323332
23232223322222
2323222332233
2323222332323
2323222332332
2323222333223
2323222333232
2323222333322
23232232222223
23232232222232
23232232222322
23232232223222
2323223222333
23232232232222
2323223223233
2323223223323
2323223223332
23232232322222
2323223232233
2323223232323
2323223232332
2323223233223
2323223233232
2323223233322
23232233222222
2323223322233
2323223322323
2323223322332
2323223323223
2323223323232
2323223323322
2323223332223
2323223332232
2323223332322
2323223333222
232322333333
23232322222223
23232322222232
23232322222322
23232322223222
2323232222333
23232322232222
2323232223233
2323232223323
2323232223332
23232322322222
2323232232233
2323232232323
2323232232332
2323232233223
2323232233232
2323232233322
23232323222222
2323232322233
2323232322323
2323232322332
2323232323223
2323232323232
2323232323322
2323232332223
2323232332232
2323232332322
2323232333222
232323233333
23232332222222
2323233222233
2323233222323
2323233222332
2323233223223
2323233223232
2323233223322
2323233232223
2323233232232
2323233232322
2323233233222
232323323333
2323233322223
2323233322232
2323233322322
2323233323222
232323332333
2323233332222
232323333233
232323333323
232323333332
23233222222223
23233222222232
23233222222322
23233222223222
2323322222333
23233222232222
2323322223233
2323322223323
2323322223332
23233222322222
2323322232233
2323322232323
2323322232332
2323322233223
2323322233232
2323322233322
23233223222222
2323322322233
2323322322323
2323322322332
2323322323223
2323322323232
2323322323322
2323322332223
2323322332232
2323322332322
2323322333222
232332233333
23233232222222
2323323222233
2323323222323
2323323222332
2323323223223
2323323223232
2323323223322
2323323232223
2323323232232
2323323232322
2323323233222
232332323333
2323323322223
2323323322232
2323323322322
2323323323222
232332332333
2323323332222
232332333233
232332333323
232332333332
23233322222222
2323332222233
2323332222323
2323332222332
2323332223223
2323332223232
2323332223322
2323332232223
2323332232232
2323332232322
2323332233222
232333223333
2323332322223
2323332322232
2323332322322
2323332323222
232333232333
2323332332222
232333233233
232333233323
232333233332
2323333222223
2323333222232
2323333222322
2323333223222
232333322333
2323333232222
232333323233
232333323323
232333323332
2323333322222
232333332233
232333332323
232333332332
232333333223
232333333232
232333333322
233222222222222
23322222222233
23322222222323
23322222222332
23322222223223
23322222223232
23322222223322
23322222232223
23322222232232
23322222232322
23322222233222
2332222223333
23322222322223
23322222322232
23322222322322
23322222323222
2332222232333
23322222332222
2332222233233
2332222233323
2332222233332
23322223222223
23322223222232
23322223222322
23322223223222
2332222322333
23322223232222
2332222323233
2332222323323
2332222323332
23322223322222
2332222332233
2332222332323
2332222332332
2332222333223
2332222333232
2332222333322
23322232222223
23322232222232
23322232222322
23322232223222
2332223222333
23322232232222
2332223223233
2332223223323
2332223223332
23322232322222
2332223232233
2332223232323
2332223232332
2332223233223
2332223233232
2332223233322
23322233222222
2332223322233
2332223322323
2332223322332
2332223323223
2332223323232
2332223323322
2332223332223
2332223332232
2332223332322
2332223333222
233222333333
23322322222223
23322322222232
23322322222322
23322322223222
2332232222333
23322322232222
2332232223233
2332232223323
2332232223332
23322322322222
2332232232233
2332232232323
2332232232332
2332232233223
2332232233232
2332232233322
23322323222222
2332232322233
2332232322323
2332232322332
2332232323223
2332232323232
2332232323322
2332232332223
2332232332232
2332232332322
2332232333222
233223233333
23322332222222
2332233222233
2332233222323
2332233222332
2332233223223
2332233223232
2332233223322
2332233232223
2332233232232
2332233232322
2332233233222
233223323333
2332233322223
2332233322232
2332233322322
2332233323222
233223332333
2332233332222
233223333233
233223333323
233223333332
23323222222223
23323222222232
23323222222322
23323222223222
2332322222333
23323222232222
2332322223233
2332322223323
2332322223332
23323222322222
2332322232233
2332322232323
2332322232332
2332322233223
2332322233232
2332322233322
23323223222222
2332322322233
2332322322323
2332322322332
2332322323223
2332322323232
2332322323322
2332322332223
2332322332232
2332322332322
2332322333222
233232233333
23323232222222
2332323222233
2332323222323
2332323222332
2332323223223
2332323223232
2332323223322
2332323232223
2332323232232
2332323232322
2332323233222
233232323333
2332323322223
2332323322232
2332323322322
2332323323222
233232332333
2332323332222
233232333233
233232333323
233232333332
23323322222222
2332332222233
2332332222323
2332332222332
2332332223223
2332332223232
2332332223322
2332332232223
2332332232232
2332332232322
2332332233222
233233223333
2332332322223
2332332322232
2332332322322
2332332323222
233233232333
2332332332222
233233233233
233233233323
233233233332
2332333222223
2332333222232
2332333222322
2332333223222
233233322333
2332333232222
233233323233
233233323323
233233323332
2332333322222
233233332233
233233332323
233233332332
233233333223
233233333232
233233333322
23332222222223
23332222222232
23332222222322
23332222223222
2333222222333
23332222232222
2333222223233
2333222223323
2333222223332
23332222322222
2333222232233
2333222232323
2333222232332
2333222233223
2333222233232
2333222233322
23332223222222
2333222322233
2333222322323
2333222322332
2333222323223
2333222323232
2333222323322
2333222332223
2333222332232
2333222332322
2333222333222
233322233333
23332232222222
2333223222233
2333223222323
2333223222332
2333223223223
2333223223232
2333223223322
2333223232223
2333223232232
2333223232322
2333223233222
233322323333
2333223322223
2333223322232
2333223322322
2333223323222
233322332333
2333223332222
233322333233
233322333323
233322333332
23332322222222
2333232222233
2333232222323
2333232222332
2333232223223
2333232223232
2333232223322
2333232232223
2333232232232
2333232232322
2333232233222
233323223333
2333232322223
2333232322232
2333232322322
2333232323222
233323232333
2333232332222
233323233233
233323233323
233323233332
2333233222223
2333233222232
2333233222322
2333233223222
233323322333
2333233232222
233323323233
233323323323
233323323332
2333233322222
233323332233
233323332323
233323332332
233323333223
233323333232
233323333322
23333222222222
2333322222233
2333322222323
2333322222332
2333322223223
2333322223232
2333322223322
2333322232223
2333322232232
2333322232322
2333322233222
233332223333
2333322322223
2333322322232
2333322322322
2333322323222
233332232333
2333322332222
233332233233
233332233323
233332233332
2333323222223
2333323222232
2333323222322
2333323223222
233332322333
2333323232222
233332323233
233332323323
233332323332
2333323322222
233332332233
233332332323
233332332332
233332333223
233332333232
233332333322
2333332222223
2333332222232
2333332222322
2333332223222
233333222333
2333332232222
233333223233
233333223323
233333223332
2333332322222
233333232233
233333232323
233333232332
233333233223
233333233232
233333233322
2333333222222
233333322233
233333322323
233333322332
233333323223
233333323232
233333323322
233333332223
233333332232
233333332322
233333333222
23333333333
322222222222223
322222222222232
322222222222322
322222222223222
32222222222333
322222222232222
32222222223233
32222222223323
32222222223332
322222222322222
32222222232233
32222222232323
32222222232332
32222222233223
32222222233232
32222222233322
322222223222222
32222222322233
32222222322323
32222222322332
32222222323223
32222222323232
32222222323322
32222222332223
32222222332232
32222222332322
32222222333222
3222222233333
322222232222222
32222223222233
32222223222323
32222223222332
32222223223223
32222223223232
32222223223322
32222223232223
32222223232232
32222223232322
32222223233222
3222222323333
32222223322223
32222223322232
32222223322322
32222223323222
3222222332333
32222223332222
3222222333233
3222222333323
3222222333332
322222322222222
32222232222233
32222232222323
32222232222332
32222232223223
32222232223232
32222232223322
32222232232223
32222232232232
32222232232322
32222232233222
3222223223333
32222232322223
32222232322232
32222232322322
32222232323222
3222223232333
32222232332222
3222223233233
3222223233323
3222223233332
32222233222223
32222233222232
32222233222322
32222233223222
3222223322333
32222233232222
3222223323233
3222223323323
3222223323332
32222233322222
3222223332233
3222223332323
3222223332332
3222223333223
3222223333232
3222223333322
322223222222222
32222322222233
32222322222323
32222322222332
32222322223223
32222322223232
32222322223322
32222322232223
32222322232232
32222322232322
32222322233222
3222232223333
32222322322223
32222322322232
32222322322322
32222322323222
3222232232333
32222322332222
3222232233233
3222232233323
3222232233332
32222323222223
32222323222232
32222323222322
32222323223222
3222232322333
32222323232222
3222232323233
3222232323323
3222232323332
32222323322222
3222232332233
3222232332323
3222232332332
3222232333223
3222232333232
3222232333322
32222332222223
32222332222232
32222332222322
32222332223222
3222233222333
32222332232222
3222233223233
3222233223323
3222233223332
32222332322222
3222233232233
3222233232323
3222233232332
3222233233223
3222233233232
3222233233322
32222333222222
3222233322233
3222233322323
3222233322332
3222233323223
3222233323232
3222233323322
3222233332223
3222233332232
3222233332322
3222233333222
322223333333
322232222222222
32223222222233
32223222222323
32223222222332
32223222223223
32223222223232
32223222223322
32223222232223
32223222232232
32223222232322
32223222233222
3222322223333
32223222322223
32223222322232
32223222322322
32223222323222
3222322232333
32223222332222
3222322233233
3222322233323
3222322233332
32223223222223
32223223222232
32223223222322
32223223223222
3222322322333
32223223232222
3222322323233
3222322323323
3222322323332
32223223322222
3222322332233
3222322332323
3222322332332
3222322333223
3222322333232
3222322333322
32223232222223
32223232222232
32223232222322
32223232223222
3222323222333
32223232232222
3222323223233
3222323223323
3222323223332
32223232322222
3222323232233
3222323232323
3222323232332
3222323233223
3222323233232
3222323233322
32223233222222
3222323322233
3222323322323
3222323322332
3222323323223
3222323323232
3222323323322
3222323332223
3222323332232
3222323332322
3222323333222
322232333333
32223322222223
32223322222232
32223322222322
32223322223222
3222332222333
32223322232222
3222332223233
3222332223323
3222332223332
32223322322222
3222332232233
3222332232323
3222332232332
3222332233223
3222332233232
3222332233322
32223323222222
3222332322233
3222332322323
3222332322332
3222332323223
3222332323232
3222332323322
3222332332223
3222332332232
3222332332322
3222332333222
322233233333
32223332222222
3222333222233
3222333222323
3222333222332
3222333223223
3222333223232
3222333223322
3222333232223
3222333232232
3222333232322
3222333233222
322233323333
3222333322223
3222333322232
3222333322322
3222333323222
322233332333
3222333332222
322233333233
322233333323
322233333332
322322222222222
32232222222233
32232222222323
32232222222332
32232222223223
32232222223232
32232222223322
32232222232223
32232222232232
32232222232322
32232222233222
3223222223333
32232222322223
32232222322232
32232222322322
32232222323222
3223222232333
32232222332222
3223222233233
3223222233323
3223222233332
32232223222223
32232223222232
32232223222322
32232223223222
3223222322333
32232223232222
3223222323233
3223222323323
3223222323332
32232223322222
3223222332233
3223222332323
3223222332332
3223222333223
3223222333232
3223222333322
32232232222223
32232232222232
32232232222322
32232232223222
3223223222333
32232232232222
3223223223233
3223223223323
3223223223332
32232232322222
3223223232233
3223223232323
3223223232332
3223223233223
3223223233232
3223223233322
32232233222222
3223223322233
3223223322323
3223223322332
3223223323223
3223223323232
3223223323322
3223223332223
3223223332232
3223223332322
3223223333222
322322333333
32232322222223
32232322222232
32232322222322
32232322223222
3223232222333
32232322232222
3223232223233
3223232223323
3223232223332
32232322322222
3223232232233
3223232232323
3223232232332
3223232233223
3223232233232
3223232233322
32232323222222
3223232322233
3223232322323
3223232322332
3223232323223
3223232323232
3223232323322
3223232332223
3223232332232
3223232332322
3223232333222
322323233333
32232332222222
3223233222233
3223233222323
3223233222332
3223233223223
3223233223232
3223233223322
3223233232223
3223233232232
3223233232322
3223233233222
322323323333
3223233322223
3223233322232
3223233322322
3223233323222
322323332333
3223233332222
322323333233
322323333323
322323333332
32233222222223
32233222222232
32233222222322
32233222223222
3223322222333
32233222232222
3223322223233
3223322223323
3223322223332
32233222322222
3223322232233
3223322232323
3223322232332
3223322233223
3223322233232
3223322233322
32233223222222
3223322322233
3223322322323
3223322322332
3223322323223
3223322323232
3223322323322
3223322332223
3223322332232
3223322332322
3223322333222
322332233333
32233232222222
3223323222233
3223323222323
3223323222332
3223323223223
3223323223232
3223323223322
3223323232223
3223323232232
3223323232322
3223323233222
322332323333
3223323322223
3223323322232
3223323322322
3223323323222
322332332333
3223323332222
322332333233
322332333323
322332333332
32233322222222
3223332222233
3223332222323
3223332222332
3223332223223
3223332223232
3223332223322
3223332232223
3223332232232
3223332232322
3223332233222
322333223333
3223332322223
3223332322232
3223332322322
3223332323222
322333232333
3223332332222
322333233233
322333233323
322333233332
3223333222223
3223333222232
3223333222322
3223333223222
322333322333
3223333232222
322333323233
322333323323
322333323332
3223333322222
322333332233
322333332323
322333332332
322333333223
322333333232
322333333322
323222222222222
32322222222233
32322222222323
32322222222332
32322222223223
32322222223232
32322222223322
32322222232223
32322222232232
32322222232322
32322222233222
3232222223333
32322222322223
32322222322232
32322222322322
32322222323222
3232222232333
32322222332222
3232222233233
3232222233323
3232222233332
32322223222223
32322223222232
32322223222322
32322223223222
3232222322333
32322223232222
3232222323233
3232222323323
3232222323332
32322223322222
3232222332233
3232222332323
3232222332332
3232222333223
3232222333232
3232222333322
32322232222223
32322232222232
32322232222322
32322232223222
3232223222333
32322232232222
3232223223233
3232223223323
3232223223332
32322232322222
3232223232233
3232223232323
3232223232332
3232223233223
3232223233232
3232223233322
32322233222222
3232223322233
3232223322323
3232223322332
3232223323223
3232223323232
3232223323322
3232223332223
3232223332232
3232223332322
3232223333222
323222333333
32322322222223
32322322222232
32322322222322
32322322223222
3232232222333
32322322232222
3232232223233
3232232223323
3232232223332
32322322322222
3232232232233
3232232232323
3232232232332
3232232233223
3232232233232
3232232233322
32322323222222
3232232322233
3232232322323
3232232322332
3232232323223
3232232323232
3232232323322
3232232332223
3232232332232
3232232332322
3232232333222
323223233333
32322332222222
3232233222233
3232233222323
3232233222332
3232233223223
3232233223232
3232233223322
3232233232223
3232233232232
3232233232322
3232233233222
323223323333
3232233322223
3232233322232
3232233322322
3232233323222
323223332333
3232233332222
323223333233
323223333323
323223333332
32323222222223
32323222222232
32323222222322
32323222223222
3232322222333
32323222232222
3232322223233
3232322223323
3232322223332
32323222322222
3232322232233
3232322232323
3232322232332
3232322233223
3232322233232
3232322233322
32323223222222
3232322322233
3232322322323
3232322322332
3232322323223
3232322323232
3232322323322
3232322332223
3232322332232
3232322332322
3232322333222
323232233333
32323232222222
3232323222233
3232323222323
3232323222332
3232323223223
3232323223232
3232323223322
3232323232223
3232323232232
3232323232322
3232323233222
323232323333
3232323322223
3232323322232
3232323322322
3232323323222
323232332333
3232323332222
323232333233
323232333323
323232333332
32323322222222
3232332222233
3232332222323
3232332222332
3232332223223
3232332223232
3232332223322
3232332232223
3232332232232
3232332232322
3232332233222
323233223333
3232332322223
3232332322232
3232332322322
3232332323222
323233232333
3232332332222
323233233233
323233233323
323233233332
3232333222223
3232333222232
3232333222322
3232333223222
323233322333
3232333232222
323233323233
323233323323
323233323332
3232333322222
323233332233
323233332323
323233332332
323233333223
323233333232
323233333322
32332222222223
32332222222232
32332222222322
32332222223222
3233222222333
32332222232222
3233222223233
3233222223323
3233222223332
32332222322222
3233222232233
3233222232323
3233222232332
3233222233223
3233222233232
3233222233322
32332223222222
3233222322233
3233222322323
3233222322332
3233222323223
3233222323232
3233222323322
3233222332223
3233222332232
3233222332322
3233222333222
323322233333
32332232222222
3233223222233
3233223222323
3233223222332
3233223223223
3233223223232
3233223223322
3233223232223
3233223232232
3233223232322
3233223233222
323322323333
3233223322223
3233223322232
3233223322322
3233223323222
323322332333
3233223332222
323322333233
323322333323
323322333332
32332322222222
3233232222233
3233232222323
3233232222332
3233232223223
3233232223232
3233232223322
3233232232223
3233232232232
3233232232322
3233232233222
323323223333
3233232322223
3233232322232
3233232322322
3233232323222
323323232333
3233232332222
323323233233
323323233323
323323233332
3233233222223
3233233222232
3233233222322
3233233223222
323323322333
3233233232222
323323323233
323323323323
323323323332
3233233322222
323323332233
323323332323
323323332332
323323333223
323323333232
323323333322
32333222222222
3233322222233
3233322222323
3233322222332
3233322223223
3233322223232
3233322223322
3233322232223
3233322232232
3233322232322
3233322233222
323332223333
3233322322223
3233322322232
3233322322322
3233322323222
323332232333
3233322332222
323332233233
323332233323
323332233332
3233323222223
3233323222232
3233323222322
3233323223222
323332322333
3233323232222
323332323233
323332323323
323332323332
3233323322222
323332332233
323332332323
323332332332
323332333223
323332333232
323332333322
3233332222223
3233332222232
3233332222322
3233332223222
323333222333
3233332232222
323333223233
323333223323
323333223332
3233332322222
323333232233
323333232323
323333232332
323333233223
323333233232
323333233322
3233333222222
323333322233
323333322323
323333322332
323333323223
323333323232
323333323322
323333332223
323333332232
323333332322
323333333222
32333333333
332222222222222
33222222222233
33222222222323
33222222222332
33222222223223
33222222223232
33222222223322
33222222232223
33222222232232
33222222232322
33222222233222
3322222223333
33222222322223
33222222322232
33222222322322
33222222323222
3322222232333
33222222332222
3322222233233
3322222233323
3322222233332
33222223222223
33222223222232
33222223222322
33222223223222
3322222322333
33222223232222
3322222323233
3322222323323
3322222323332
33222223322222
3322222332233
3322222332323
3322222332332
3322222333223
3322222333232
3322222333322
33222232222223
33222232222232
33222232222322
33222232223222
3322223222333
33222232232222
3322223223233
3322223223323
3322223223332
33222232322222
3322223232233
3322223232323
3322223232332
3322223233223
3322223233232
3322223233322
33222233222222
3322223322233
3322223322323
3322223322332
3322223323223
3322223323232
3322223323322
3322223332223
3322223332232
3322223332322
3322223333222
332222333333
33222322222223
33222322222232
33222322222322
33222322223222
3322232222333
33222322232222
3322232223233
3322232223323
3322232223332
33222322322222
3322232232233
3322232232323
3322232232332
3322232233223
3322232233232
3322232233322
33222323222222
3322232322233
3322232322323
3322232322332
3322232323223
3322232323232
3322232323322
3322232332223
3322232332232
3322232332322
3322232333222
332223233333
33222332222222
3322233222233
3322233222323
3322233222332
3322233223223
3322233223232
3322233223322
3322233232223
3322233232232
3322233232322
3322233233222
332223323333
3322233322223
3322233322232
3322233322322
3322233323222
332223332333
3322233332222
332223333233
332223333323
332223333332
33223222222223
33223222222232
33223222222322
33223222223222
3322322222333
33223222232222
3322322223233
3322322223323
3322322223332
33223222322222
3322322232233
3322322232323
3322322232332
3322322233223
3322322233232
3322322233322
33223223222222
3322322322233
3322322322323
3322322322332
3322322323223
3322322323232
3322322323322
3322322332223
3322322332232
3322322332322
3322322333222
332232233333
33223232222222
3322323222233
3322323222323
3322323222332
3322323223223
3322323223232
3322323223322
3322323232223
3322323232232
3322323232322
3322323233222
332232323333
3322323322223
3322323322232
3322323322322
3322323323222
332232332333
3322323332222
332232333233
332232333323
332232333332
33223322222222
3322332222233
3322332222323
3322332222332
3322332223223
3322332223232
3322332223322
3322332232223
3322332232232
3322332232322
3322332233222
332233223333
3322332322223
3322332322232
3322332322322
3322332323222
332233232333
3322332332222
332233233233
332233233323
332233233332
3322333222223
3322333222232
3322333222322
3322333223222
332233322333
3322333232222
332233323233
332233323323
332233323332
3322333322222
332233332233
332233332323
332233332332
332233333223
332233333232
332233333322
33232222222223
33232222222232
33232222222322
33232222223222
3323222222333
33232222232222
3323222223233
3323222223323
3323222223332
33232222322222
3323222232233
3323222232323
3323222232332
3323222233223
3323222233232
3323222233322
33232223222222
3323222322233
3323222322323
3323222322332
3323222323223
3323222323232
3323222323322
3323222332223
3323222332232
3323222332322
3323222333222
332322233333
33232232222222
3323223222233
3323223222323
3323223222332
3323223223223
3323223223232
3323223223322
3323223232223
3323223232232
3323223232322
3323223233222
332322323333
3323223322223
3323223322232
3323223322322
3323223323222
332322332333
3323223332222
332322333233
332322333323
332322333332
33232322222222
3323232222233
3323232222323
3323232222332
3323232223223
3323232223232
3323232223322
3323232232223
3323232232232
3323232232322
3323232233222
332323223333
3323232322223
3323232322232
3323232322322
3323232323222
332323232333
3323232332222
332323233233
332323233323
332323233332
3323233222223
3323233222232
3323233222322
3323233223222
332323322333
3323233232222
332323323233
332323323323
332323323332
3323233322222
332323332233
332323332323
332323332332
332323333223
332323333232
332323333322
33233222222222
3323322222233
3323322222323
3323322222332
3323322223223
3323322223232
3323322223322
3323322232223
3323322232232
3323322232322
3323322233222
332332223333
3323322322223
3323322322232
3323322322322
3323322323222
332332232333
3323322332222
332332233233
332332233323
332332233332
3323323222223
3323323222232
3323323222322
3323323223222
332332322333
3323323232222
332332323233
332332323323
332332323332
3323323322222
332332332233
332332332323
332332332332
332332333223
332332333232
332332333322
3323332222223
3323332222232
3323332222322
3323332223222
332333222333
3323332232222
332333223233
332333223323
332333223332
3323332322222
332333232233
332333232323
332333232332
332333233223
332333233232
332333233322
3323333222222
332333322233
332333322323
332333322332
332333323223
332333323232
332333323322
332333332223
332333332232
332333332322
332333333222
33233333333
33322222222223
33322222222232
33322222222322
33322222223222
3332222222333
33322222232222
3332222223233
3332222223323
3332222223332
33322222322222
3332222232233
3332222232323
3332222232332
3332222233223
3332222233232
3332222233322
33322223222222
3332222322233
3332222322323
3332222322332
3332222323223
3332222323232
3332222323322
3332222332223
3332222332232
3332222332322
3332222333222
333222233333
33322232222222
3332223222233
3332223222323
3332223222332
3332223223223
3332223223232
3332223223322
3332223232223
3332223232232
3332223232322
3332223233222
333222323333
3332223322223
3332223322232
3332223322322
3332223323222
333222332333
3332223332222
333222333233
333222333323
333222333332
33322322222222
3332232222233
3332232222323
3332232222332
3332232223223
3332232223232
3332232223322
3332232232223
3332232232232
3332232232322
3332232233222
333223223333
3332232322223
3332232322232
3332232322322
3332232323222
333223232333
3332232332222
333223233233
333223233323
333223233332
3332233222223
3332233222232
3332233222322
3332233223222
333223322333
3332233232222
333223323233
333223323323
333223323332
3332233322222
333223332233
333223332323
333223332332
333223333223
333223333232
333223333322
33323222222222
3332322222233
3332322222323
3332322222332
3332322223223
3332322223232
3332322223322
3332322232223
3332322232232
3332322232322
3332322233222
333232223333
3332322322223
3332322322232
3332322322322
3332322323222
333232232333
3332322332222
333232233233
333232233323
333232233332
3332323222223
3332323222232
3332323222322
3332323223222
333232322333
3332323232222
333232323233
333232323323
333232323332
3332323322222
333232332233
333232332323
333232332332
333232333223
333232333232
333232333322
3332332222223
3332332222232
3332332222322
3332332223222
333233222333
3332332232222
333233223233
333233223323
333233223332
3332332322222
333233232233
333233232323
333233232332
333233233223
333233233232
333233233322
3332333222222
333233322233
333233322323
333233322332
333233323223
333233323232
333233323322
333233332223
333233332232
333233332322
333233333222
33323333333
33332222222222
3333222222233
3333222222323
3333222222332
3333222223223
3333222223232
3333222223322
3333222232223
3333222232232
3333222232322
3333222233222
333322223333
3333222322223
3333222322232
3333222322322
3333222323222
333322232333
3333222332222
333322233233
333322233323
333322233332
3333223222223
3333223222232
3333223222322
3333223223222
333322322333
3333223232222
333322323233
333322323323
333322323332
3333223322222
333322332233
333322332323
333322332332
333322333223
333322333232
333322333322
3333232222223
3333232222232
3333232222322
3333232223222
333323222333
3333232232222
333323223233
333323223323
333323223332
3333232322222
333323232233
333323232323
333323232332
333323233223
333323233232
333323233322
3333233222222
333323322233
333323322323
333323322332
333323323223
333323323232
333323323322
333323332223
333323332232
333323332322
333323333222
33332333333
3333322222223
3333322222232
3333322222322
3333322223222
333332222333
3333322232222
333332223233
333332223323
333332223332
3333322322222
333332232233
333332232323
333332232332
333332233223
333332233232
333332233322
3333323222222
333332322233
333332322323
333332322332
333332323223
333332323232
333332323322
333332332223
333332332232
333332332322
333332333222
33333233333
3333332222222
333333222233
333333222323
333333222332
333333223223
333333223232
333333223322
333333232223
333333232232
333333232322
333333233222
33333323333
333333322223
333333322232
333333322322
333333323222
33333332333
333333332222
33333333233
33333333323
33333333332
