222222
22233

222222
22323

222222
22332

222222
23223

222222
23232

222222
23322

222222
32223

222222
32232

222222
32322

222222
33222

222222
3333

22233
22323

22233
22332

22233
23223

22233
23232

22233
23322

22233
32223

22233
32232

22233
32322

22233
33222

22233
3333

22323
22332

22323
23223

22323
23232

22323
23322

22323
32223

22323
32232

22323
32322

22323
33222

22323
3333

22332
23223

22332
23232

22332
23322

22332
32223

22332
32232

22332
32322

22332
33222

22332
3333

23223
23232

23223
23322

23223
32223

23223
32232

23223
32322

23223
33222

23223
3333

23232
23322

23232
32223

23232
32232

23232
32322

23232
33222

23232
3333

23322
32223

23322
32232

23322
32322

23322
33222

23322
3333

32223
32232

32223
32322

32223
33222

32223
3333

32232
32322

32232
33222

32232
3333

32322
33222

32322
3333

33222
3333

